%YAML:1.0
---
aruco_bc_dict: TAG36h11
aruco_bc_nmarkers: 25
aruco_bc_mInfoType: 1
aruco_bc_markers:
   - { id:0, corners:[ [ 1.0879868268966675e+00, -2.2400319576263428e-01,
       5.3463661670684814e-01 ], [ 1.0820814371109009e+00,
       -1.0438479483127594e-01, 4.3158048391342163e-01 ], [
       1.0862079858779907e+00, -2.0736083388328552e-01,
       3.1181859970092773e-01 ], [ 1.0921133756637573e+00,
       -3.2697921991348267e-01, 4.1487473249435425e-01 ] ] }
   - { id:1, corners:[ [ 1.3940175771713257e+00, 1.4686959981918335e+00,
       -1.1341169476509094e-01 ], [ 1.2827605009078979e+00,
       1.5808618068695068e+00, -1.1557833850383759e-01 ], [
       1.3948675394058228e+00, 1.6919041872024536e+00,
       -1.2367945909500122e-01 ], [ 1.5061246156692505e+00,
       1.5797383785247803e+00, -1.2151281535625458e-01 ] ] }
   - { id:2, corners:[ [ 2.1935896873474121e+00, 1.5241065025329590e+00,
       -3.3615478873252869e-01 ], [ 2.3356828689575195e+00,
       1.5338747501373291e+00, -2.6775789260864258e-01 ], [
       2.4043774604797363e+00, 1.5306260585784912e+00,
       -4.1000583767890930e-01 ], [ 2.2622842788696289e+00,
       1.5208578109741211e+00, -4.7840273380279541e-01 ] ] }
   - { id:3, corners:[ [ 1.1354047060012817e+00, -9.7861832380294800e-01,
       9.7893071174621582e-01 ], [ 1.1281419992446899e+00,
       -8.3373010158538818e-01, 1.0415300130844116e+00 ], [
       1.1222721338272095e+00, -7.7135592699050903e-01,
       8.9648175239562988e-01 ], [ 1.1295348405838013e+00,
       -9.1624414920806885e-01, 8.3388245105743408e-01 ] ] }
   - { id:4, corners:[ [ 1.1429581642150879e+00, -1.4538220167160034e+00,
       4.9097096920013428e-01 ], [ 1.1461753845214844e+00,
       -1.6008007526397705e+00, 4.3308395147323608e-01 ], [
       1.1512830257415771e+00, -1.6585727930068970e+00,
       5.8005440235137939e-01 ], [ 1.1480658054351807e+00,
       -1.5115940570831299e+00, 6.3794142007827759e-01 ] ] }
   - { id:5, corners:[ [ 1.4775590896606445e+00, -2.2207367420196533e+00,
       6.1139190196990967e-01 ], [ 1.3231668472290039e+00,
       -2.2266118526458740e+00, 5.7833838462829590e-01 ], [
       1.3562905788421631e+00, -2.2279493808746338e+00,
       4.2385530471801758e-01 ], [ 1.5106828212738037e+00,
       -2.2220742702484131e+00, 4.5690879225730896e-01 ] ] }
   - { id:6, corners:[ [ 4.8619607090950012e-01, 1.0558922290802002e+00,
       3.8434690237045288e-01 ], [ 5.9864270687103271e-01,
       1.1406440734863281e+00, 3.1267488002777100e-01 ], [
       5.4330837726593018e-01, 1.0950062274932861e+00,
       1.7189387977123260e-01 ], [ 4.3086171150207520e-01,
       1.0102543830871582e+00, 2.4356591701507568e-01 ] ] }
   - { id:7, corners:[ [ -7.8999884426593781e-02, 7.9000361263751984e-02,
       1.1920928955078125e-07 ], [ 7.9000122845172882e-02,
       7.9000361263751984e-02, 1.1920928955078125e-07 ], [
       7.9000122845172882e-02, -7.8999646008014679e-02,
       1.1920928955078125e-07 ], [ -7.8999884426593781e-02,
       -7.8999646008014679e-02, 1.1920928955078125e-07 ] ] }
   - { id:8, corners:[ [ -1.8089846372604370e+00,
       -8.1946688890457153e-01, 3.6798074841499329e-01 ], [
       -1.8054740428924561e+00, -9.4924241304397583e-01,
       4.5803621411323547e-01 ], [ -1.8143552541732788e+00,
       -8.5946935415267944e-01, 5.8775097131729126e-01 ], [
       -1.8178658485412598e+00, -7.2969383001327515e-01,
       4.9769553542137146e-01 ] ] }
   - { id:14, corners:[ [ 3.3513302803039551e+00, 4.0877594947814941e+00,
       -6.1174863576889038e-01 ], [ 3.4653198719024658e+00,
       4.1970977783203125e+00, -6.1568474769592285e-01 ], [
       3.5747151374816895e+00, 4.0831055641174316e+00,
       -6.1409693956375122e-01 ], [ 3.4607255458831787e+00,
       3.9737675189971924e+00, -6.1016082763671875e-01 ] ] }
   - { id:15, corners:[ [ 7.2484278678894043e-01, 4.5990381240844727e+00,
       5.8131361007690430e-01 ], [ 7.1792489290237427e-01,
       4.7530779838562012e+00, 6.1577928066253662e-01 ], [
       7.2375440597534180e-01, 4.7878026962280273e+00,
       4.6175253391265869e-01 ], [ 7.3067229986190796e-01,
       4.6337628364562988e+00, 4.2728689312934875e-01 ] ] }
   - { id:16, corners:[ [ -8.2730638980865479e-01,
       -2.3189346790313721e+00, 8.1228458881378174e-01 ], [
       -9.7951930761337280e-01, -2.3281090259552002e+00,
       8.5364961624145508e-01 ], [ -1.0212426185607910e+00,
       -2.3225052356719971e+00, 7.0136117935180664e-01 ], [
       -8.6902970075607300e-01, -2.3133308887481689e+00,
       6.5999615192413330e-01 ] ] }
   - { id:17, corners:[ [ -1.7587548494338989e+00,
       -1.7644362449645996e+00, 7.8972107172012329e-01 ], [
       -1.7637555599212646e+00, -1.6131479740142822e+00,
       8.3500736951828003e-01 ], [ -1.7697316408157349e+00,
       -1.5680527687072754e+00, 6.8369740247726440e-01 ], [
       -1.7647309303283691e+00, -1.7193410396575928e+00,
       6.3841110467910767e-01 ] ] }
   - { id:18, corners:[ [ 9.1052877902984619e-01, 3.2237696647644043e+00,
       4.3525731563568115e-01 ], [ 9.0541589260101318e-01,
       3.3816759586334229e+00, 4.3713337182998657e-01 ], [
       9.0441668033599854e-01, 3.3835206031799316e+00,
       2.7914732694625854e-01 ], [ 9.0952956676483154e-01,
       3.2256143093109131e+00, 2.7727127075195312e-01 ] ] }
   - { id:19, corners:[ [ 9.6923476457595825e-01, 2.1957128047943115e+00,
       5.0080102682113647e-01 ], [ 9.6310997009277344e-01,
       2.3366854190826416e+00, 5.7188689708709717e-01 ], [
       9.5634907484054565e-01, 2.4075253009796143e+00,
       4.3081954121589661e-01 ], [ 9.6247386932373047e-01,
       2.2665526866912842e+00, 3.5973364114761353e-01 ] ] }
   - { id:20, corners:[ [ -2.3468293249607086e-02,
       -2.2910494804382324e+00, 7.7317696809768677e-01 ], [
       -1.8141549825668335e-01, -2.2946412563323975e+00,
       7.7512180805206299e-01 ], [ -1.8352892994880676e-01,
       -2.2871522903442383e+00, 6.1731356382369995e-01 ], [
       -2.5581724941730499e-02, -2.2835605144500732e+00,
       6.1536872386932373e-01 ] ] }
   - { id:21, corners:[ [ 3.5215504169464111e+00, 5.1485805511474609e+00,
       -2.3789690434932709e-01 ], [ 3.5319066047668457e+00,
       4.9911885261535645e+00, -2.2870609164237976e-01 ], [
       3.3742549419403076e+00, 4.9809474945068359e+00,
       -2.2644416987895966e-01 ], [ 3.3638987541198730e+00,
       5.1383395195007324e+00, -2.3563498258590698e-01 ] ] }
   - { id:22, corners:[ [ 8.7988513708114624e-01,
       -9.8178613185882568e-01, 5.0624102354049683e-01 ], [
       8.7509125471115112e-01, -9.1673487424850464e-01,
       3.6233356595039368e-01 ], [ 8.7526732683181763e-01,
       -7.7275907993316650e-01, 4.2740988731384277e-01 ], [
       8.8006120920181274e-01, -8.3781033754348755e-01,
       5.7131731510162354e-01 ] ] }
   - { id:23, corners:[ [ 8.9218318462371826e-01,
       -4.8513484001159668e-01, 1.0063898563385010e+00 ], [
       9.0127402544021606e-01, -6.3419681787490845e-01,
       1.0579833984375000e+00 ], [ 8.9871299266815186e-01,
       -6.8600857257843018e-01, 9.0874201059341431e-01 ], [
       8.8962215185165405e-01, -5.3694659471511841e-01,
       8.5714852809906006e-01 ] ] }
   - { id:24, corners:[ [ 9.1077595949172974e-01,
       -1.5907990932464600e+00, 8.3420586585998535e-01 ], [
       9.1258025169372559e-01, -1.7485265731811523e+00,
       8.2510697841644287e-01 ], [ 9.0582877397537231e-01,
       -1.7395124435424805e+00, 6.6750884056091309e-01 ], [
       9.0402448177337646e-01, -1.5817849636077881e+00,
       6.7660772800445557e-01 ] ] }
   - { id:25, corners:[ [ 6.3379019498825073e-01,
       -2.2728409767150879e+00, 6.1361318826675415e-01 ], [
       4.8677825927734375e-01, -2.2763371467590332e+00,
       6.7139953374862671e-01 ], [ 4.2890983819961548e-01,
       -2.2719669342041016e+00, 5.2444320917129517e-01 ], [
       5.7592177391052246e-01, -2.2684707641601562e+00,
       4.6665686368942261e-01 ] ] }
   - { id:26, corners:[ [ 2.4231607913970947e+00, 5.4092574119567871e+00,
